9999999				186.397659078462	127.435388089826	318.811263559047	361.380045309908	200.450150091404	449.870973308121	454.520205100848	465.730667308004	407.263997531093	516.379900273229	228.674003093883	125.856806995142	280.240683680978	260.523787683955	459.054177028296	144.566376197898	463.383556890699	270.924744035536	255.047163590301	538.955121802079	170.932437087292	285.452570222523	333.140548637216	277.329974471249	445.714539908659	151.633577446993	359.815888233896	539.137392907249	185.824751960403	105.97309854798
186.397659078462	9999999				249.870137346879	417.176031938158	542.475099297597	377.979410830845	533.194934678165	354.64688308354		329.5756213633		368.298361576823	332.68736182225		274.248435879014	306.681858845035	141.063240095643	350.172734172092	425.787426809594	289.700011397147	510.576952719888	157.240817433046	417.450643703747	538.383146991808	143.661233970808	470.65721124946		148.659723056928	375.896027277902	521.551599676724	237.582903355144	517.66035099237		488.431717487911	98.211233679144		129.66279915847
127.435388089826	249.870137346879	9999999				192.035293146268	315.724458140398	256.639728110316	563.592828241758	569.29558512491		437.503037694004	318.995553431586	575.939804775375	355.664467781401	114.894180813166	281.21041356399		133.249787934633	585.498999459314	250.834661903536	338.727671637586	375.722053796721	172.611122374012	425.801189637471	289.142051149317	301.013177421209	373.812011903387	392.410759757195	318.286260427849	277.385962379541	430.131888015585	448.279736074914	192.87646605507		120.796387067409
318.811263559047	417.176031938158	192.035293146268	9999999				314.698161039551	394.300094587214	734.546086368997	756.229934088364	486.179993656416	282.993524153638	717.037516049682	545.252358236104	255.505166951751	393.411541202244	67.0266662530962	777.502892736791	426.192441452637	175.017573295788	559.117332486069	174.475175448228	300.682533737503	479.731148831594	388.720300749629	510.285442586731	568.484274871025	131.148620518936	465.847921024571	559.282700224936	381.20565271917		333.583954163741	292.292148840769
361.380045309908	542.475099297597	315.724458140398	314.698161039551	9999999				249.357874469158	579.550422005023	788.185541403007	746.726304417237	583.01367292593		875.126564178947	502.255756223393	236.335124286416	596.726023729551	328.559287022225	741.315963965406	353.256855527838	477.123400782942	625.121766014135	155.709351259437	612.826764349563	516.195572025117	159.290612562596	681.410380038442	456.239711880719	408.425171892276	433.285421861347	339.545652005801	693.237001873449	505.926419811386	425.397747933902
200.450150091404	377.979410830845	256.639728110316	394.300094587214	249.357874469158	9999999				352.696626930738	551.617441933814	664.07688423102		575.323519011883	693.951494695562	257.368115833375	146.358524368903	480.616652850271	361.994321905448	492.589716308512	113.525565888586	566.660835252972	411.893607014728	242.641857968901	673.624534156486	301.395448003837	108.651123366168	526.63637643008		209.208866829983	522.913526606739	197.827969776659	173.597729073316	704.918821944534	385.746929252352	303.077329665604
449.870973308121	533.194934678165	563.592828241758	734.546086368997	579.550422005023	352.696626930738	9999999				447.656010217266	862.749185469278	854.500113038541	733.337519109061	259.167179613746	479.177017328196	672.909246171426	690.504606323223	298.74957807848		312.781461373318	899.301260824236	447.810656083532	594.801510689961	987.39151558159		390.870867047447	420.310343387723	651.706245197276	172.552695088586	865.530142986096	308.809631819706	254.026217244671	985.803057335633	599.213856679945	543.265518991517
454.520205100848	354.64688308354		569.29558512491		756.229934088364	788.185541403007	551.617441933814	447.656010217266	9999999				600.971008401512	713.542637605949	330.670667180008	297.75153994187		571.145389183475	461.930104630891	690.811380685179	166.335283937442	438.983860846211	864.521132104475	199.294463944068	707.745137468451	889.37188384876		283.588911477055	660.041116449695	364.837361683647	395.165429047345	870.445746585652	355.877327621611	597.498377272782	822.240546199528	452.591397318505	465.675370952868
465.730667308004	329.5756213633		437.503037694004	486.179993656416	746.726304417237	664.07688423102		862.749185469278	600.971008401512	9999999				233.843431666092	357.954985493935	603.689194404561	545.17011975466		192.037858797045	437.420721682952	721.274988599281	600.831962030079	458.86683285868		446.374760738104	592.886178973161	393.001040234369	472.375275834115	732.778695326778	238.001540394087	703.648650676521	515.876828968744	563.282328418722	824.836188880427	268.476517396174	280.634479485777	361.054464410024
407.263997531093	368.298361576823	318.995553431586	282.993524153638	583.01367292593		575.323519011883	854.500113038541	713.542637605949	233.843431666092	9999999				553.15054646888		611.411307340617	432.984118604509	254.134489962668	254.468414237488	793.65045413149		551.181524731885	225.071364807174	523.181345630347	428.721801605929	180.815738804638	496.851083394345	613.39409880338		371.314754983501	682.704951832601	285.430381540105	547.039851925593	748.474631695876	131.891559826999	273.888731264355	311.766717060652
516.379900273229	332.68736182225		575.939804775375	717.037516049682	875.126564178947	693.951494695562	733.337519109061	330.670667180008	357.954985493935	553.15054646888		9999999				504.624755605594	639.101976256457	326.450309727117	652.127342408443	491.32351482477		589.801563412906	759.728179450233	299.375079105218	747.250019190271	731.214539637263	399.172304213313	794.534193338313	206.887939749402	622.538122456954	795.131597666389	514.569024593508	805.496309366219	622.357698587603	388.361439937827	455.95586486413
228.674003093883	274.248435879014	355.664467781401	545.252358236104	502.255756223393	257.368115833375	259.167179613746	297.75153994187		603.689194404561	611.411307340617	504.624755605594	9999999				311.416539138618	414.553324614248	488.913691162886	243.637076711607	149.219170935733	691.636736733002	205.717511202588	449.255547696948	759.634983734712	131.771161602068	364.616760778284	395.76631769482		117.941834427396	673.701429059353	80.0231836162417	310.051750344941	740.540374839619	345.710954923198	301.56405184406
125.856806995142	306.681858845035	114.894180813166	255.505166951751	236.335124286416	146.358524368903	479.177017328196	571.145389183475	545.17011975466		432.984118604509	639.101976256457	311.416539138618	9999999				375.349091336049	216.908612223297	554.103080525329	175.224411427198	423.961539434174	394.832874067278	138.857761978749	527.424673327062	289.885420988529	188.08672266978		448.497432359353	315.239996581599	386.371291818792	232.379606418541	319.371928800884	561.054389021595	280.559580188153	196.318416039669
280.240683680978	141.063240095643	281.21041356399		393.411541202244	596.726023729551	480.616652850271	672.909246171426	461.930104630891	192.037858797045	254.134489962668	326.450309727117	414.553324614248	375.349091336049	9999999				330.479334869704	556.750867123135	410.328684746121	438.317157055827	279.678883942312	451.452786626968	433.761259015674	284.67087493348		558.491303647519	124.08860095188		511.913069194491	469.177694287065	371.338561336296	636.199574640486	360.968275371036	95.7203163487024	180.578259108002
260.523787683955	350.172734172092	133.249787934633	67.0266662530962	328.559287022225	361.994321905448	690.504606323223	690.811380685179	437.420721682952	254.468414237488	652.127342408443	488.913691162886	216.908612223297	330.479334869704	9999999				716.977387274671	378.649394501381	208.800997220174	493.116359357753	175.028303076281	313.071828300273	416.503617494203	374.361935321977	445.245103810432	521.266426056202	185.420132306394	410.525469180878	532.670620513467	368.291259991667	267.102290745013	225.933500069863
459.054177028296	425.787426809594	585.498999459314	777.502892736791	741.315963965406	492.589716308512	298.74957807848		166.335283937442	721.274988599281	793.65045413149		491.32351482477		243.637076711607	554.103080525329	556.750867123135	716.977387274671	9999999				391.172668732036	910.69786047364		277.652427212851	692.47111650162		959.212468508191	305.368100158034	595.178354595434	484.329186355638	298.15111163441		902.228681990576	321.728886905128	491.888128581179	913.781477661702	520.276250192414	505.839611521713
144.566376197898	289.700011397147	250.834661903536	426.192441452637	353.256855527838	113.525565888586	312.781461373318	438.983860846211	600.831962030079	551.181524731885	589.801563412906	149.219170935733	175.224411427198	410.328684746121	378.649394501381	391.172668732036	9999999				587.251222129715	301.100070076691	307.673902722425	675.530403588809	192.092261094516	222.129960922916	435.913405809351	142.673869643598	557.263322822164	84.3054218207534	228.060359928962	683.067992998765	320.903700107941	248.182737901033
463.383556890699	510.576952719888	338.727671637586	175.017573295788	477.123400782942	566.660835252972	899.301260824236	864.521132104475	458.86683285868		225.071364807174	759.728179450233	691.636736733002	423.961539434174	438.317157055827	208.800997220174	910.69786047364		587.251222129715	9999999				665.46663988028		348.003847903075	142.320863278822	605.6917833575		563.454428829029	562.390121717671	729.767179469495	78.9483979171621	614.915628910658	733.706033405104	264.136089118469	414.018885345464	405.643633745642
270.924744035536	157.240817433046	375.722053796721	559.117332486069	625.121766014135	411.893607014728	447.810656083532	199.294463944068	446.374760738104	523.181345630347	299.375079105218	205.717511202588	394.832874067278	279.678883942312	493.116359357753	277.652427212851	301.100070076691	665.46663988028		9999999				525.631516784847	695.333562222327	110.987234687566	518.306175758914	213.721496549827	323.630945596943	671.445574427519	220.3073238552		507.714019026651	639.008609343641	255.419778274628	267.321502324866
255.047163590301	417.450643703747	172.611122374012	174.475175448228	155.709351259437	242.641857968901	594.801510689961	707.745137468451	592.886178973161	428.721801605929	747.250019190271	449.255547696948	138.857761978749	451.452786626968	175.028303076281	692.47111650162		307.673902722425	348.003847903075	525.631516784847	9999999				474.518777458854	424.793470848362	216.36701322817		546.304174206058	440.964922280223	291.292511151465	370.81031504683		394.499330107267	542.775112037463	365.364023562334	291.308482580644
538.955121802079	538.383146991808	425.801189637471	300.682533737503	612.826764349563	673.624534156486	987.39151558159		889.37188384876		393.001040234369	180.815738804638	731.214539637263	759.634983734712	527.424673327062	433.761259015674	313.071828300273	959.212468508191	675.530403588809	142.320863278822	695.333562222327	474.518777458854	9999999				656.240455167732	685.164193769692	552.112788833436	815.098309960862	220.875260588342	688.231483451638	845.401178643017	145.053457249133	440.792961533065	459.351705078083
170.932437087292	143.661233970808	289.142051149317	479.731148831594	516.195572025117	301.395448003837	390.870867047447	283.588911477055	472.375275834115	496.851083394345	399.172304213313	131.771161602068	289.885420988529	284.67087493348		416.503617494203	305.368100158034	192.092261094516	605.6917833575		110.987234687566	424.793470848362	656.240455167732	9999999				407.394905179996	266.626386018687	240.837603798853	600.527716969898	115.762947410287	407.687029512253	622.601363704057	224.240877128901	200.473982633196
285.452570222523	470.65721124946		301.013177421209	388.720300749629	159.290612562596	108.651123366168	420.310343387723	660.041116449695	732.778695326778	613.39409880338		794.534193338313	364.616760778284	188.08672266978		558.491303647519	374.361935321977	595.178354595434	222.129960922916	563.454428829029	518.306175758914	216.36701322817		685.164193769692	407.394905179996	9999999				618.401185367393	302.471200684097	507.468373983492	306.405573799041	186.691289606821	737.558219637753	462.812883608991	377.913158204841
333.140548637216	148.659723056928	373.812011903387	510.285442586731	681.410380038442	526.63637643008		651.706245197276	364.837361683647	238.001540394087	371.314754983501	206.887939749402	395.76631769482		448.497432359353	124.08860095188		445.245103810432	484.329186355638	435.913405809351	562.390121717671	213.721496549827	546.304174206058	552.112788833436	266.626386018687	618.401185367393	9999999				507.459786267885	592.271748415272	375.915222268481	662.980759934502	465.017245698421	182.798225063851	256.490176238305
277.329974471249	375.896027277902	392.410759757195	568.484274871025	456.239711880719	209.208866829983	172.552695088586	395.165429047345	703.648650676521	682.704951832601	622.538122456954	117.941834427396	315.239996581599	511.913069194491	521.266426056202	298.15111163441		142.673869643598	729.767179469495	323.630945596943	440.964922280223	815.098309960862	240.837603798853	302.471200684097	507.459786267885	9999999				699.615290486924	141.075357158417	202.353414464173	814.239468457538	432.59509855739		372.251335521027
445.714539908659	521.551599676724	318.286260427849	131.148620518936	408.425171892276	522.913526606739	865.530142986096	870.445746585652	515.876828968744	285.430381540105	795.131597666389	673.701429059353	386.371291818792	469.177694287065	185.420132306394	902.228681990576	557.263322822164	78.9483979171621	671.445574427519	291.292511151465	220.875260588342	600.527716969898	507.468373983492	592.271748415272	699.615290486924	9999999				94.817600408014		684.241397757463	340.63393457037		429.322817213401	405.10438534068
151.633577446993	237.582903355144	277.385962379541	465.847921024571	433.285421861347	197.827969776659	308.809631819706	355.877327621611	563.282328418722	547.039851925593	514.569024593508	80.0231836162417	232.379606418541	371.338561336296	410.525469180878	321.728886905128	84.3054218207534	614.915628910658	220.3073238552		370.81031504683		688.231483451638	115.762947410287	306.405573799041	375.915222268481	141.075357158417	594.817600408014	9999999				291.978361583811	677.834959354752	291.705751651948	235.280144715514
359.815888233896	517.66035099237		430.131888015585	559.282700224936	339.545652005801	173.597729073316	254.026217244671	597.498377272782	824.836188880427	748.474631695876	805.496309366219	310.051750344941	319.371928800884	636.199574640486	532.670620513467	491.888128581179	228.060359928962	733.706033405104	507.714019026651	394.499330107267	845.401178643017	407.687029512253	186.691289606821	662.980759934502	202.353414464173	684.241397757463	291.978361583811	9999999				878.385547711026	544.21898151778		465.669346260192
539.137392907249	488.431717487911	448.279736074914	381.20565271917		693.237001873449	704.918821944534	985.803057335633	822.240546199528	268.476517396174	131.891559826999	622.357698587603	740.540374839619	561.054389021595	360.968275371036	368.291259991667	913.781477661702	683.067992998765	264.136089118469	639.008609343641	542.775112037463	145.053457249133	622.601363704057	737.558219637753	465.017245698421	814.239468457538	340.63393457037		677.834959354752	878.385547711026	9999999				398.370817580868	442.64235811157
185.824751960403	98.211233679144		192.87646605507		333.583954163741	505.926419811386	385.746929252352	599.213856679945	452.591397318505	280.634479485777	273.888731264355	388.361439937827	345.710954923198	280.559580188153	95.7203163487024	267.102290745013	520.276250192414	320.903700107941	414.018885345464	255.419778274628	365.364023562334	440.792961533065	224.240877128901	462.812883608991	182.798225063851	432.59509855739		29.322817213401		291.705751651948	544.21898151778		398.370817580868	9999999				84.9268170512217
105.97309854798		129.66279915847		120.796387067409	292.292148840769	425.397747933902	303.077329665604	543.265518991517	465.675370952868	361.054464410024	311.766717060652	455.95586486413		301.56405184406		196.318416039669	180.578259108002	225.933500069863	505.839611521713	248.182737901033	405.643633745642	267.321502324866	291.308482580644	459.351705078083	200.473982633196	377.913158204841	256.490176238305	372.251335521027	405.10438534068		235.280144715514	465.669346260192	442.64235811157		84.9268170512217	9999999
